00000000000100000010010000101000001100000000000000111000010000000001100001100000000000000000000000000000000000000000000000000010
00000000000100000010010000101000011111001100010001000100010000000010000000010000010001000001000000000000000000000000000000000100
00000000000100000010010011111110100000001100100000111000100000000100000000001000001010000001000000000000000000000000000000001000
00000000000100000000000000101000011110000001000001110110000000000100000000001000111111100111110000000000011111000000000000010000
00000000000100000000000011111110000001000010000010011100000000000100000000001000001010000001000000000000000000000000000000100000
00000000000100000000000000101000111110000100011010001100000000000010000000010000010001000001000000100000000000000000000001000000
00000000000000000000000000101000001100001000011001110110000000000001100001100000000000000000000000100000000000000010000010000000
00000000000100000000000000000000000000000000000000000000000000000000000000000000000000000000000001000000000000000000000000000000
00111000000100000111100001111110000110001111100000111000011111000111100001111000000000000000000000001000000000000100000000111000
01000100001100001100010000001100001010001000000001100000010001001000010010000100000000000000000000010000000000000010000001000100
01001100000100000000110000010000010010001111100010000000000010001000010010000100001000000010000000100000011111000001000000000100
01010100000100000011000000111100100010000000010011111000000100000111100001111100000000000000000001000000000000000000100000001000
01100100000100000110000000000010111111000000010010000100001000001000010000000100000000000000000000100000000000000001000000010000
01000100000100001100000011000010000010001100010010000100001000001000010000001000000000000010000000010000011111000010000000000000
00111000011111001111110001111100000010000111100001111000001000000111100001110000001000000010000000001000000000000100000000010000
00000000000000000000000000000000000000000000000000000000000000000000000000000000000000000100000000000000000000000000000000000000
00111100001110000111100000111000011100000111110001111100001111000100010000111000000111000100010000100000010001000100010000111000
01000010011011000100010001100100010010000100000001000000011000000100010000010000000001000100100000100000011011000110010001000100
01011110010001000100010001000000010001000100000001000000010000000100010000010000000001000101000000100000011111000111010001000100
01010110010001000111100001000000010001000111100001111000010011000111110000010000000001000110000000100000010101000101110001000100
01011100011111000100010001000000010001000100000001000000010001000100010000010000010001000101000000100000010001000100110001000100
01000000010001000100010001100100010010000100000001000000011001000100010000010000010001000100100000100000010001000100010001000100
00111000010001000111100000111000011100000111110001000000001111000100010000111000001110000100010000111100010001000100010000111000
00000000000000000000000000000000000000000000000000000000000000000000000000000000000000000000000000000000000000000000000000000000
00111100001110000111100000111000011111000100010001000100010001001100011001000100011111000111000010000000011100000001000000000000
00100010010001000100010001001100000100000100010001000100010001000110110001000100000001000100000001000000000100000010100000000000
00100010010001000100010001000000000100000100010001000100010001000011100000101000000010000100000000100000000100000100010000000000
00100010010001000100010000111000000100000100010001000100010101000001000000010000000100000100000000010000000100001000001000000000
00111100010101000111100000000100000100000100010001000100011111000011100000010000001000000100000000001000000100000000000000000000
00100000010010000100100001100100000100000100010000101000011011000110110000010000010000000100000000000100000100000000000000000000
00100000001101000100010000111000000100000011100000010000010001001100011000010000011111000111000000000010011100000000000000000000
00000000000000000000000000000000000000000000000000000000000000000000000000000000000000000000000000000000000000000000000001111110
00100000000000000010000000000000000001000000000000001100000000000010000000000000000000000010000000010000000000000000000000000000
00100000000000000010000000000000000001000000000000010000000000000010000000010000000001000010000000010000000000000000000000000000
00010000001111000011100000011100000111000001100000010000001111000010000000000000000000000010010000010000001101100011100000111000
00000000010001000010010000100000001001000010010000111000010001000011100000010000000001000010100000010000001010100010010001000100
00000000010001000010010000100000001001000011110000010000010001000010010000010000000001000011000000010000001010100010010001000100
00000000010001000010010000100000001001000010000000010000001111000010010000010000000001000010100000010000001010100010010001000100
00000000001110100011100000011100000111000001110000010000000001000010010000010000010001000010010000010000001010100010010000111000
00000000000000000000000000000000000000000000000000000000001110000000000000000000001110000000000000000000000000000000000000000000
00000000000000000000000000000000001000000000000000000000000000000000000000000000000000000001100000010000110000000110011000000000
00000000000000000000000000000000001000000000000000000000000000000000000000000000000000000010000000010000001000001001100000010000
00111000001111000010110000111000111110000100010001000100010001000100010001000100011111000010000000010000001000000000000000111000
00100100010001000011000001000000001000000100010001000100010101000010100001000100000010001100000000000000000110000000000001101100
00100100010001000010000000111000001000000100010001000100010101000001000000101000000100000010000000010000001000000000000001000100
00111000001111000010000000001100001000000100010000101000010101000010100000010000001000000010000000010000001000000000000001000100
00100000000001000010000001111000000110000011100000010000001010000100010000100000011111000001100000010000110000000000000001111100
00100000000001000000000000000000000000000000000000000000000000000000000001000000000000000000000000000000000000000000000000000000